加载 1622724751373655930

小图撤离  1760094332964909593

上船结算 6498739329770568990

失败3369362008813027329

跃迁 10851063160877258328
  2 15352681489973423808
  3 7133967126671909026
  4 13010870163626087694
虫巢世界 部署
1  917438340621095203
2  9980029225456769506
3  5327938848498261687
4  14345856011993125575
阵亡
1  17053691775590364676
2  5097892532661944365
3  13287962438165754946
4  2804501959320279547

c虫族战斗
3369362008813027329
8855471749180619976
1922637261735431814
9804751597273215110
15998471045033972930
2399827841377725375
12802789902635496243
15243356396917599774
15326319885500562996
9601397755344879313
7767825413413838559
6468934662926086503
17675972348247451643
8051411745196931088
15337411482712046026
9586667463928556460
8367039150532846411
4126388538828092276
13605525955371713867
3710291677765023032
5482260909789735785
16475175384156526560

t泰坦
13704318311725150676
9264217974177965788
17748002580115122593
882073352113013236
4315675091648640550

虫族 常态
16547460134345008577
715379856217236738
11925127692684108717
11653098454112351805
虫巢世界 平 核
9604868980839975936
9775007430431511220
霸王虫
15032520702146720793
3405535666440225994
13928373535061569852
2127835014123465555
